14
17
1
14
24
24
24
14
8
1
14
3
17
1
14
7
21
17
23
26
14
8
14
14
17
14
17
17
14
14
1
21
17
17
14
14
7
1
14
14
21
17
14
17
1
14
14
14
14
14
14
17
17
10
14
14
1
21
8
17
14
17
10
14
17
17
14
17
14
17
17
17
1
21
10
14
23
14
8
17
8
14
17
17
1
10
17
1
17
23
10
21
17
10
17
1
17
17
17
23
17
17
21
17
8
17
17
17
17
10
17
8
21
17
17
17
10
21
8
17
17
21
17
8
17
17
1
17
17
17
21
17
1
18
17
17
21
23
8
17
24
5
12
17
12
15
18
19
17
17
17
2
1
0
17
6
17
12
25
21
23
18
9
24
15
21
23
1
17
2
17
12
10
8
17
19
17
9
17
18
5
19
19
18
1
17
18
19
17
9
17
17
0
23
17
17
6
21
18
5
17
10
17
17
21
25
23
18
19
17
12
0
17
17
17
23
8
25
17
10
21
19
5
17
24
17
17
1
18
17
24
6
9
12
2
17
17
15
21
1
1
6
23
23
0
10
10
8
17
8
8
13
13
17
17
24
12
17
21
17
0
10
12
12
21
2
25
20
17
13
17
4
16
1
12
18
19
6
25
23
0
10
2
20
17
17
17
6
1
17
15
21
13
8
4
17
17
15
21
21
16
1
12
18
5
19
25
0
10
8
12
17
8
20
17
17
13
4
17
16
12
12
12
5
19
6
25
2
13
17
17
15
21
21
1
1
12
6
12
25
23
0
10
8
9
17
13
13
17
21
16
1
1
12
5
6
25
23
0
10
8
9
17
8
17
17
13
13
4
17
16
12
12
18
5
19
6
20
4
17
15
21
16
1
18
19
25
23
0
0
10
8
12
17
17
8
20
17
17
13
13
4
17
17
21
21
16
1
12
18
25
23
0
0
17
17
8
20
13
13
4
17
21
16
1
12
12
18
5
19
25
0
8
20
17
17
16
1
12
18
5
0
20
4
21
16
12
1
12
12
18
5
6
25
23
0
10
2
17
8
20
17
13
4
17
16
16
12
11
18
6
2
12
20
4
12
16
16
11
18
12
20
4
12
17
17
21
21
16
16
12
1
11
12
18
5
25
23
12
0
0
10
2
8
12
12
17
8
8
20
17
17
19
13
24
17
17
21
12
1
12
25
23
0
10
2
8
9
22
17
8
8
19
13
4
16
16
12
12
5
0
2
20
4
12
17
15
21
16
16
1
11
12
5
12
25
4
23
0
10
8
17
17
8
17
13
4
12
17
21
21
16
12
1
12
5
25
4
12
3
0
10
2
12
17
8
16
20
19
13
24
15
21
12
1
12
18
6
12
25
23
0
10
10
12
9
22
17
13
24
24
17
15
12
12
0
12
9
22
4
17
17
15
21
21
16
16
12
1
11
12
5
19
25
4
23
12
0
10
2
8
8
12
12
9
17
17
8
8
16
20
17
13
4
12
17
17
21
21
16
16
1
11
12
5
19
25
4
23
12
3
0
10
10
2
2
8
8
12
17
8
16
20
17
4
4
12
17
21
21
16
16
12
11
12
12
19
25
4
12
3
0
10
10
2
12
16
20
4
12
17
17
15
21
21
16
16
12
1
1
11
12
5
19
6
25
4
23
12
3
0
10
10
8
12
12
17
8
8
16
20
17
12
17
21
21
16
16
12
1
11
12
5
19
25
4
23
12
3
0
10
12
17
8
8
16
20
17
24
17
17
15
21
21
16
12
1
11
18
5
6
25
4
23
12
0
10
8
9
17
8
8
17
17
4
12
17
15
21
16
16
12
11
12
12
19
25
4
12
3
0
2
12
16
20
17
13
4
12
16
16
12
1
11
12
12
25
4
12
0
12
16
20
4
12
21
21
16
1
1
11
12
12
5
19
25
25
4
23
23
0
10
10
2
8
12
17
8
8
16
20
17
4
12
17
21
16
16
1
1
1
11
12
5
25
4
23
12
0
10
10
2
8
12
8
16
20
17
4
12
17
17
15
21
16
16
12
1
1
1
11
12
19
6
12
25
4
23
23
12
0
10
10
2
8
8
12
17
8
16
20
17
4
12
17
17
15
21
21
16
16
12
1
11
12
12
12
19
6
12
4
23
23
12
3
0
10
10
2
8
8
12
12
17
8
8
16
20
17
17
12
17
21
16
16
12
1
11
12
12
12
19
6
12
25
4
23
12
3
0
10
10
8
12
17
8
16
20
17
17
12
17
15
21
16
16
1
11
18
12
6
25
23
10
10
2
8
12
12
9
17
8
16
20
17
17
4
12
17
21
16
16
11
12
12
5
12
25
4
23
23
12
0
10
2
12
17
16
20
12
21
16
16
11
12
19
25
4
12
0
2
8
16
20
4
21
21
16
16
11
12
19
25
23
23
12
3
0
10
10
2
8
8
16
